129
     7
         0
122
     11
         0
107
     9
         0
119
     5
         0
132
     7
         0
127
     9
         0
124
     9
         0
100
     11
         0
132
     8
         0
120
     8
         0
107
     7
         0
107
     12
         0
117
     10
         0
107
     9
         0
121
     10
         0
135
     9
         0
122
     7
         0
123
     9
         0
126
     7
         0
128
     9
         0
119
     6
         0
126
     7
         0
122
     9
         0
122
     9
         0
129
     7
         0
120
     5
         0
126
     9
         0
121
     10
         0
127
     9
         0
127
     7
         0
120
     8
         0
103
     9
         0
103
     10
         0
130
     5
         0
124
     8
         0
102
     9
         0
122
     10
         0
127
     10
         0
133
     6
         0
121
     8
         0
107
     9
         0
132
     6
         0
132
     10
         0
135
     5
         0
128
     9
         0
122
     8
         0
124
     9
         0
122
     8
         0
123
     8
         0
125
     7
         0
123
     10
         0
126
     9
         0
120
     10
         0
122
     11
         0
119
     9
         0
129
     8
         0
125
     7
         0
121
     9
         0
126
     7
         0
125
     9
         0
123
     8
         0
125
     10
         0
124
     8
         0
125
     5
         0
126
     9
         0
122
     9
         0
121
     8
         0
123
     8
         0
121
     7
         0
122
     6
         0
120
     9
         0
124
     9
         0
122
     10
         0
122
     9
         0
120
     9
         0
126
     8
         0
121
     10
         0
124
     9
         0
122
     9
         0
121
     9
         0
126
     7
         0
122
     9
         0
131
     7
         0
119
     10
         0
123
     10
         8
120
     10
         0
125
     9
         0
122
     9
         0
125
     6
         0
130
     8
         0
124
     9
         0
122
     9
         0
119
     9
         0
122
     12
         0
125
     8
         0
124
     9
         0
122
     10
         0
124
     6
         0
123
     9
         0
121
     9
         0
126
     9
         0
122
     9
         0
123
     8
         0
120
     12
         0
122
     8
         0
122
     11
         0
123
     7
         0
118
     9
         0
127
     9
         0
119
     10
         0
124
     10
         0
125
     9
         0
123
     9
         0
127
     10
         0
119
     8
         0
123
     10
         0
123
     7
         0
124
     10
         0
125
     9
         0
120
     10
         0
121
     9
         0
121
     8
         0
125
     7
         0
127
     11
         0
125
     7
         0
126
     7
         0
123
     9
         0
124
     7
         0
124
     5
         0
122
     11
         0
124
     8
         0
128
     9
         0
119
     9
         0
126
     8
         0
126
     9
         0
126
     9
         0
125
     7
         0
123
     9
         0
122
     11
         0
120
     11
         0
125
     5
         0
126
     7
         0
125
     8
         0
122
     10
         0
118
     9
         0
123
     9
         0
124
     11
         0
125
     8
         0
127
     8
         0
126
     8
         0
128
     6
         0
124
     8
         0
126
     9
         0
120
     10
         0
122
     10
         0
124
     6
         0
126
     10
         0
124
     7
         0
123
     10
         0
123
     7
         0
124
     5
         0
125
     8
         0
131
     6
         0
126
     9
         0
124
     7
         0
128
     9
         0
125
     6
         0
126
     9
         0
120
     9
         0
126
     9
         0
119
     9
         0
122
     9
         0
128
     8
         0
126
     6
         0
120
     10
         0
129
     9
         0
121
     7
         0
123
     7
         0
122
     10
         0
124
     9
         0
120
     8
         0
125
     8
         0
122
     10
         0
121
     10
         0
126
     8
         0
118
     7
         0
125
     8
         0
125
     8
         0
127
     8
         0
119
     10
         0
122
     11
         0
123
     7
         0
120
     9
         0
122
     9
         0
126
     11
         0
119
     9
         0
122
     8
         0
122
     9
         0
127
     8
         0
121
     10
         0
120
     9
         0
122
     10
         0
126
     8
         0
125
     7
         0
128
     12
         0
125
     8
         0
124
     10
         0
124
     9
         0
120
     11
         0
121
     8
         0
121
     8
         0
125
     6
         0
124
     5
         0
130
     6
         0
121
     9
         0
123
     9
         0
120
     9
         0
121
     7
         0
123
     11
         0
126
     7
         0
121
     10
         0
123
     9
         0
125
     9
         0
120
     6
         0
126
     8
         0
124
     6
         0
125
     8
         0
130
     9
         0
118
     8
         0
124
     10
         0
125
     7
         0
129
     8
         0
125
     8
         0
125
     6
         0
121
     11
         0
126
     8
         0
125
     9
         0
122
     8
         0
122
     8
         0
124
     8
         0
123
     10
         0
121
     11
         0
121
     8
         0
124
     10
         0
122
     9
         0
122
     10
         0
120
     10
         0
124
     10
         0
123
     5
         0
126
     9
         0
130
     10
         0
121
     9
         0
126
     7
         0
121
     9
         0
123
     10
         0
122
     10
         0
123
     12
         0
120
     13
         0
130
     6
         0
122
     11
         0
119
     5
         0
121
     8
         0
128
     9
         0
120
     11
         0
123
     9
         0
122
     9
         0
123
     6
         0
127
     5
         0
119
     11
         0
127
     8
         0
123
     8
         0
126
     7
         0
121
     8
         0
125
     10
         0
120
     10
         0
119
     12
         0
126
     6
         0
123
     8
         0
123
     8
         0
128
     6
         0
125
     7
         0
120
     9
         0
119
     6
         0
125
     7
         0
127
     5
         0
122
     9
         0
124
     8
         0
129
     7
         0
126
     11
         0
121
     10
         0
123
     12
         0
120
     10
         0
120
     8
         0
123
     11
         0
122
     9
         0
121
     9
         0
121
     9
         0
126
     7
         0
122
     8
         0
123
     9
         0
126
     9
         0
126
     8
         0
129
     6
         0
121
     10
         0
123
     9
         0
121
     9
         0
121
     7
         0
127
     8
         0
122
     11
         0
131
     9
         0
122
     10
         0
124
     8
         0
127
     8
         0
119
     7
         0
124
     8
         0
123
     10
         0
122
     9
         0
122
     8
         0
125
     7
         0
126
     5
         0
128
     5
         0
121
     8
         0
124
     8
         0
125
     8
         0
120
     8
         0
125
     7
         0
122
     9
         0
120
     8
         0
129
     7
         0
125
     10
         0
123
     7
         0
124
     8
         0
120
     9
         0
124
     10
         0
120
     10
         0
130
     9
         0
123
     10
         0
125
     8
         0
120
     8
         0
123
     8
         0
126
     6
         0
121
     10
         0
124
     11
         0
125
     10
         0
130
     9
         0
122
     7
         0
125
     7
         0
122
     10
         0
124
     7
         0
126
     8
         0
128
     7
         0
125
     6
         0
125
     6
         0
127
     8
         0
121
     9
         0
127
     9
         0
125
     6
         0
122
     12
         0
123
     10
         0
124
     8
         0
125
     7
         0
121
     11
         0
122
     9
         0
120
     9
         0
124
     8
         0
123
     8
         0
127
     6
         0
129
     7
         0
125
     9
         0
125
     9
         0
120
     11
         0
123
     11
         0
124
     7
         0
125
     8
         0
125
     10
         0
124
     8
         0
123
     6
         0
120
     9
         0
129
     7
         0
125
     9
         0
122
     9
         0
122
     9
         0
122
     11
         0
125
     5
         0
120
     7
         0
125
     8
         0
122
     9
         0
125
     7
         0
122
     11
         0
124
     9
         0
130
     5
         0
124
     5
         0
122
     11
         0
119
     10
         0
126
     9
         0
122
     8
         0
120
     10
         0
121
     11
         0
122
     5
         0
125
     8
         0
127
     7
         0
122
     8
         0
123
     12
         0
121
     8
         0
129
     6
         0
132
     5
         0
120
     9
         0
128
     7
         0
124
     8
         0
123
     7
         0
131
     6
         0
125
     9
         0
125
     9
         0
121
     9
         0
125
     7
         0
123
     8
         0
128
     8
         0
123
     10
         0
121
     9
         0
128
     10
         0
123
     9
         0
126
     6
         0
126
     7
         0
121
     8
         0
128
     9
         0
126
     7
         0
120
     9
         0
127
     8
         0
125
     7
         0
125
     7
         0
126
     8
         0
121
     12
         856
121
     9
         585
123
     11
         585
130
     8
         686
124
     10
         969
126
     8
         868
126
     9
