132
     9
152/81/97|
         0
132
     8
207/77/74|
         0
126
     7
188/102/58|
         0
124
     5
207/105/46|
         0
125
     5
114/155/42|
         0
119
     5
114/102/95|
         0
119
     6
116/78/118|
         0
119
     5
225/71/70|
         0
123
     6
260/66/58|
         0
120
     6
167/111/60|
         0
122
     5
137/97/89|
         0
117
     9
108/88/112|
         0
124
     6
215/61/86|
         0
119
     7
150/65/115|
         0
126
     6
170/110/59|
         0
126
     5
213/56/91|
         0
123
     8
186/104/57|
         0
133
     5
163/74/99|
         0
121
     8
180/100/64|
         0
106
     8
148/80/100|
         0
124
     9
226/102/39|
         0
106
     8
137/81/105|
         0
128
     7
211/78/71|
         0
122
     12
186/128/33|
         0
128
     10
214/90/57|
         0
128
     8
157/78/98|
         0
119
     8
123/88/104|
         0
119
     8
267/74/48|
         0
117
     8
223/81/61|
         0
122
     9
199/67/88|
         0
101
     9
206/69/82|
         0
124
     9
218/97/48|
         0
107
     6
302/66/37|
         0
102
     9
218/69/76|
         0
102
     5
252/97/31|
         0
105
     11
242/73/60|
         0
129
     9
211/97/52|
         0
127
     7
197/130/26|
         0
121
     12
228/99/41|
         0
126
     8
208/70/79|
         0
104
     9
183/113/50|
         0
103
     9
255/81/46|
         0
121
     6
196/87/69|
         0
125
     6
141/66/117|
         0
108
     8
175/64/103|
         0
120
     8
207/68/82|
         0
128
     8
241/95/39|
         0
132
     7
200/64/90|
         0
128
     12
159/87/88|
         0
131
     9
132/118/70|
         0
122
     10
152/76/102|
         0
101
     5
147/75/105|
         0
121
     9
147/86/95|
         0
123
     9
168/71/99|
         0
122
     10
225/62/80|
         0
124
     7
148/73/107|
         0
121
     10
206/67/84|
         0
123
     10
230/62/77|
         0
125
     8
156/133/42|
         0
123
     10
180/91/73|
         0
123
     5
119/80/114|
         0
121
     10
212/75/73|
         0
123
     10
214/86/61|
         0
125
     8
201/88/66|
         0
125
     7
170/80/89|
         0
122
     8
134/85/102|
         0
122
     9
130/131/58|
         0
127
     8
211/74/75|
         0
125
     9
196/75/81|
         0
125
     7
262/76/47|
         0
121
     7
162/140/33|
         0
124
     8
165/94/77|
         0
123
     9
245/72/59|
         0
125
     6
230/79/60|
         0
125
     8
241/79/55|
         0
121
     8
211/101/48|
         0
126
     11
147/123/58|
         0
120
     10
183/119/44|
         0
125
     9
158/82/93|
         0
122
     10
219/115/30|
         0
121
     9
171/93/76|
         0
123
     7
158/91/84|
         0
126
     9
206/116/35|
         0
124
     9
194/87/71|
         0
130
     7
165/91/81|
         0
119
     10
195/76/80|
         0
124
     8
152/86/92|
         0
121
     8
166/87/84|
         0
122
     10
122/163/30|
         0
122
     8
122/160/33|
         0
120
     9
261/62/62|
         0
125
     11
224/70/72|
         0
120
     9
192/83/75|
         0
121
     9
186/131/30|
         0
119
     9
202/91/62|
         0
127
     7
219/103/42|
         0
125
     9
191/61/98|
         0
119
     12
202/58/96|
         0
127
     8
135/143/44|
         0
125
     7
240/64/71|
         0
128
     7
185/105/56|
         0
125
     10
198/87/69|
         0
119
     10
220/78/66|
         0
129
     9
256/63/64|
         0
125
     9
149/99/80|
         0
120
     8
148/124/56|
         0
121
     7
170/99/70|
         0
123
     8
213/73/75|
         0
121
     8
241/63/71|
         2
122
     9
171/120/48|
         0
124
     11
265/79/43|
         0
122
     8
178/115/50|
         0
123
     6
260/64/60|
         0
119
     9
173/102/65|
         0
131
     7
220/77/67|
         0
119
     9
197/71/84|
         0
124
     7
244/65/68|
         0
124
     8
177/85/80|
         0
123
     10
180/84/80|
         0
119
     7
182/127/37|
         0
127
     7
171/137/32|
         0
126
     7
191/108/50|
         0
123
     9
151/136/42|
         0
122
     9
86/183/28|
         0
122
     9
214/94/53|
         0
122
     9
156/147/29|
         0
121
     5
130/95/94|
         0
124
     9
256/81/45|
         0
123
     6
175/116/50|
         0
123
     6
216/110/36|
         0
127
     12
281/71/43|
         0
124
     9
241/94/40|
         0
125
     9
117/137/58|
         0
120
     10
249/96/34|
         0
125
     9
234/84/53|
         0
119
     9
205/90/62|
         0
129
     9
173/114/54|
         0
126
     8
228/92/49|
         0
121
     11
133/157/31|
         0
123
     10
147/135/45|
         0
122
     9
188/108/52|
         0
124
     9
64/65/157|
         0
122
     8
71/53/165|
         0
125
     7
158/96/79|
         0
122
     9
188/90/70|
         0
122
     7
165/90/82|
         0
127
     9
172/116/52|
         0
121
     8
157/132/44|
         0
120
     11
161/93/80|
         0
124
     9
102/151/52|
         0
126
     7
73/58/159|
         0
121
     9
63/51/172|
         0
123
     11
198/101/54|
         0
121
     9
276/59/58|
         0
125
     9
126/131/60|
         0
124
     8
168/130/40|
         0
117
     6
193/96/61|
         0
119
     11
208/99/51|
         0
129
     6
212/106/42|
         0
126
     9
147/138/43|
         0
119
     9
205/91/60|
         0
122
     13
162/100/74|
         0
123
     9
255/84/42|
         0
127
     7
174/102/66|
         0
124
     9
203/96/57|
         0
123
     8
220/88/56|
         0
122
     9
217/94/51|
         0
128
     7
148/70/110|
         0
124
     10
235/77/60|
         0
119
     10
171/100/68|
         0
122
     10
217/99/47|
         0
124
     6
145/80/102|
         0
126
     7
199/111/43|
         0
127
     9
101/80/123|
         0
125
     10
110/141/58|
         0
124
     9
91/123/86|
         0
121
     10
132/105/83|
         0
119
     9
125/106/86|
         0
124
     9
155/95/81|
         0
119
     9
155/94/82|
         0
128
     10
183/74/88|
         0
124
     9
163/114/58|
         0
122
     9
204/71/81|
         0
122
     9
134/155/32|
         0
127
     6
221/98/46|
         0
123
     11
122/132/60|
         0
125
     9
150/124/55|
         0
120
     9
148/66/114|
         0
120
     6
223/96/47|
         0
126
     9
135/155/31|
         0
128
     6
237/74/62|
         0
125
     8
157/134/41|
         0
123
     10
147/131/49|
         0
126
     10
161/86/88|
         0
120
     10
181/105/58|
         0
123
     11
135/131/55|
         0
123
     8
134/79/109|
         0
124
     10
94/146/61|
         0
124
     8
113/147/50|
         0
122
     9
103/145/57|
         0
125
     11
112/145/53|
         0
119
     9
162/125/48|
         0
123
     8
65/195/26|
         0
128
     11
160/93/81|
         0
124
     9
205/57/94|
         0
126
     11
186/68/93|
         0
121
     7
151/73/106|
         0
123
     8
169/113/57|
         0
127
     8
177/67/98|
         0
126
     9
158/86/90|
         0
126
     10
140/108/76|
         0
124
     6
146/71/110|
         0
121
     10
149/76/104|
         0
123
     7
153/101/77|
         0
131
     5
141/82/102|
         0
123
     7
230/61/78|
         0
126
     9
255/62/65|
         0
122
     10
158/87/88|
         0
125
     6
138/91/94|
         0
126
     9
155/64/113|
         0
130
     5
133/66/122|
         0
121
     8
126/159/32|
         0
125
     9
237/77/59|
         0
119
     8
202/100/53|
         0
128
     8
131/160/29|
         0
122
     10
172/108/61|
         0
120
     9
104/175/27|
         0
122
     12
187/95/66|
         0
122
     8
133/140/48|
         0
124
     8
113/145/52|
         0
126
     7
158/127/48|
         0
128
     9
149/73/107|
         0
126
     8
188/61/99|
         0
121
     5
158/99/76|
         0
124
     9
177/126/40|
         0
137
     8
135/76/111|
         0
119
     9
154/128/49|
         0
125
     8
172/136/31|
         0
122
     8
220/101/43|
         0
126
     9
187/121/39|
         0
127
     10
203/121/32|
         0
121
     10
175/141/26|
         0
130
     8
228/111/29|
         0
125
     10
84/190/22|
         0
125
     9
58/207/18|
         0
125
     8
112/169/29|
         0
121
     8
188/89/71|
         0
127
     10
199/117/38|
         0
123
     8
260/96/28|
         0
121
     11
188/78/83|
         0
122
     7
194/79/78|
         0
121
     10
198/68/87|
         0
120
     9
136/81/105|
         0
128
     7
261/55/69|
         0
127
     6
239/70/65|
         0
121
     10
191/65/93|
         0
125
     9
181/111/52|
         0
122
     9
193/59/99|
         0
124
     9
224/57/85|
         0
122
     8
155/113/64|
         0
124
     9
174/109/58|
         0
127
     7
107/155/45|
         0
123
     10
69/174/46|
         0
122
     8
95/101/106|
         0
126
     8
138/70/115|
         0
119
     7
91/172/36|
         0
123
     5
84/162/50|
         0
121
     8
223/76/67|
         0
125
     9
166/93/78|
         0
126
     10
197/108/47|
         0
119
     9
106/99/102|
         0
123
     10
138/112/73|
         0
125
     9
237/91/45|
         0
129
     6
255/65/61|
         0
124
     7
211/77/72|
         0
124
     8
182/79/84|
         0
123
     10
169/76/94|
         0
121
     9
143/69/114|
         0
124
     9
101/60/144|
         0
125
     9
139/68/116|
         0
126
     9
194/61/96|
         0
127
     8
128/74/116|
         0
122
     9
59/172/52|
         0
123
     8
146/116/65|
         0
127
     8
176/69/97|
         0
125
     7
162/72/101|
         0
126
     5
151/67/112|
         0
122
     11
166/66/105|
         0
129
     8
96/170/36|
         0
123
     9
147/128/52|
         0
124
     6
134/136/51|
         0
123
     7
160/110/64|
         0
123
     8
120/147/47|
         0
127
     10
290/76/33|
         0
119
     11
184/117/45|
         0
121
     12
170/124/45|
         0
124
     9
189/125/34|
         0
121
     6
261/84/40|
         0
122
     10
246/95/36|
         0
132
     13
175/67/99|
         0
117
     8
119/122/73|
         0
131
     9
227/95/46|
         0
118
     9
295/58/49|
         0
118
     9
151/147/31|
         0
118
     5
149/90/89|
         0
124
     7
141/96/88|
         0
117
     8
191/126/33|
         2
124
     8
223/118/25|
         0
124
     6
200/102/53|
         0
119
     6
166/139/32|
         0
126
     7
252/79/49|
         0
125
     6
144/138/44|
         0
128
     6
139/152/32|
         0
128
     9
274/71/47|
         0
117
     8
264/67/55|
         0
124
     9
241/89/45|
         0
121
     12
170/111/58|
         0
121
     10
198/101/54|
         0
126
     8
236/104/32|
         0
121
     7
262/77/47|
         0
129
     6
245/100/32|
         0
127
     8
223/119/24|
         0
125
     9
226/110/31|
         0
126
     8
243/97/36|
         0
125
     8
87/184/27|
         0
123
     9
178/133/32|
         0
123
     11
174/90/77|
         0
125
     9
257/82/43|
         0
125
     8
191/86/73|
         0
120
     8
111/158/40|
         0
126
     12
146/140/41|
         0
122
     7
169/109/61|
         0
122
     11
173/96/72|
         0
120
     13
207/67/83|
         0
125
     8
168/99/71|
         0
121
     9
123/67/125|
         0
125
     9
151/60/119|
         0
121
     9
181/66/97|
         0
125
     8
177/70/96|
         0
122
     10
218/83/62|
         0
120
     10
192/126/32|
         0
121
     5
330/52/37|
         0
119
     9
182/74/89|
         0
127
     10
291/68/41|
         0
119
     10
293/64/43|
         0
127
     9
229/72/67|
         0
123
     8
239/67/68|
         0
127
     6
195/87/70|
         0
123
     9
184/100/62|
         0
124
     9
212/102/46|
         0
120
     10
133/149/38|
         0
125
     10
176/107/59|
         0
120
     9
168/128/42|
         0
120
     7
176/110/56|
         0
122
     8
170/91/78|
         0
122
     9
229/85/55|
         0
126
     8
109/166/33|
         0
123
     8
106/145/56|
         0
122
     8
206/72/79|
         0
126
     9
200/110/44|
         0
126
     9
168/127/43|
         0
120
     10
183/131/32|
         0
122
     9
156/139/37|
         0
122
     9
125/151/40|
         0
120
     9
143/123/60|
         0
125
     7
203/96/56|
         0
122
     9
231/90/49|
         0
124
     8
203/83/69|
         0
128
     7
94/112/95|
         0
125
     9
133/92/95|
         0
123
     10
65/155/66|
         0
128
     9
163/108/64|
         0
121
     7
66/167/54|
         0
122
     10
90/173/37|
         0
120
     5
87/135/75|
         0
120
     8
234/83/55|
         0
129
     7
101/143/60|
         0
120
     5
246/101/31|
         0
122
     9
238/107/28|
         0
129
     6
225/87/55|
         0
120
     8
135/142/45|
         0
121
     9
215/97/50|
         0
122
     9
201/83/70|
         0
125
     6
156/129/47|
         0
121
     8
220/96/48|
         0
122
     8
225/92/50|
         0
123
     10
206/108/44|
         0
125
     8
173/108/59|
         0
120
     7
202/83/70|
         0
128
     8
131/107/82|
         0
119
     10
156/94/82|
         0
122
     8
225/98/44|
         0
122
     12
180/101/63|
         0
127
     9
151/86/93|
         0
119
     9
210/85/64|
         0
123
     9
212/66/82|
         0
127
     11
180/89/76|
         0
118
     8
197/87/69|
         0
128
     9
241/58/75|
         0
123
     7
183/91/72|
         0
122
     10
169/72/98|
         0
123
     8
152/86/92|
         0
130
     7
163/93/79|
         0
124
     7
138/76/109|
         0
121
     9
171/108/61|
         0
125
     10
165/122/49|
         0
124
     12
156/118/58|
         0
123
     9
165/78/94|
         0
122
     8
124/125/67|
         0
119
     6
179/67/98|
         0
124
     9
61/30/194|
         0
125
     8
89/44/166|
         0
123
     7
160/116/58|
         0
125
     8
145/116/66|
         0
124
     6
161/102/72|
         0
127
     5
150/83/96|
         0
126
     8
121/79/115|
         0
127
     9
148/75/105|
         0
129
     9
163/132/41|
         0
125
     10
155/132/45|
         0
125
     6
160/98/76|
         0
126
     10
245/77/54|
         0
121
     8
203/99/54|
         0
127
     7
201/100/54|
         0
125
     9
174/113/54|
         0
127
     9
209/81/69|
         0
118
     8
153/79/99|
         0
122
     9
147/90/90|
         0
125
     8
166/84/87|
         0
121
     9
136/77/108|
         0
122
     12
154/66/111|
         0
123
     8
176/93/73|
         0
125
     8
86/149/63|
         0
121
     12
165/80/92|
         0
124
     9
92/96/112|
         0
125
     7
124/162/30|
         0
125
     11
221/95/49|
         0
123
     10
124/88/104|
         0
122
     10
174/107/60|
         0
121
     9
276/62/55|
         0
125
     8
192/127/31|
         0
127
     8
256/52/75|
         0
120
     11
206/93/59|
         0
122
     10
161/118/56|
         0
125
     6
142/81/102|
         0
126
     8
162/130/43|
         0
125
     8
201/102/52|
         0
127
     13
150/119/60|
         0
120
     7
175/72/95|
         0
119
     12
217/66/79|
         0
124
     10
159/104/71|
         0
123
     10
167/137/34|
         0
124
     8
239/107/28|
         0
128
     7
142/165/18|
         0
122
     9
195/106/51|
         0
125
     10
173/80/87|
         0
125
     7
145/87/94|
         0
125
     8
133/84/103|
         0
122
     5
176/88/78|
         0
125
     9
148/107/73|
         0
123
     8
181/65/99|
         0
121
     9
154/72/105|
         0
127
     6
153/70/108|
         0
125
     9
182/57/105|
         0
120
     9
171/58/110|
         0
124
     9
161/66/107|
         0
126
     9
206/61/90|
         0
120
     9
187/68/93|
         0
120
     9
218/66/79|
         0
125
     7
229/68/71|
         0
124
     11
124/61/130|
         0
124
     7
194/89/68|
         0
123
     10
255/76/51|
         0
120
     9
257/75/51|
         0
123
     10
277/68/48|
         0
120
     9
172/109/60|
         0
123
     9
195/121/36|
         0
123
     10
283/61/52|
         0
125
     8
268/82/38|
         0
127
     6
209/115/35|
         0
128
     6
268/76/45|
         0
126
     7
320/58/37|
         0
129
     8
255/71/55|
         0
122
     10
257/69/56|
         0
121
     8
173/65/103|
         0
123
     7
173/87/81|
         0
121
     9
235/69/68|
         0
121
     10
251/75/54|
         0
123
     10
243/98/35|
         0
120
     9
216/117/29|
         0
134
     6
247/102/29|
         0
124
     8
217/114/31|
         0
127
     10
269/60/60|
         0
119
     10
250/88/41|
         0
126
     9
313/55/43|
         0
127
     7
256/54/72|
         0
119
     8
224/48/94|
         0
129
     10
233/79/59|
         0
123
     8
203/59/93|
         0
123
     10
198/87/69|
         0
123
     7
162/73/101|
         0
125
     9
138/73/112|
         0
124
     8
132/70/118|
         0
123
     8
175/109/58|
         0
126
     8
46/32/199|
         0
123
     7
134/60/127|
         0
122
     10
193/117/40|
         0
123
     10
260/86/38|
         0
126
     7
195/84/73|
         0
122
     8
208/72/78|
         0
122
     9
102/163/40|
         0
125
     11
72/125/93|
         0
119
     9
165/105/67|
         0
123
     11
213/93/55|
         0
124
     10
202/73/81|
         0
124
     8
197/75/81|
         0
122
     10
223/88/55|
         0
125
     9
54/78/149|
         0
122
     10
101/89/114|
         0
121
     8
171/69/100|
         0
123
     9
231/82/57|
         0
125
     10
129/70/120|
         0
122
     9
181/48/116|
         0
125
     10
90/48/161|
         0
121
     9
179/132/33|
         0
122
     11
98/180/25|
         0
124
     9
154/127/50|
         0
123
     9
205/86/65|
         0
125
     8
111/58/141|
         0
128
     7
200/89/65|
         0
125
     7
202/75/78|
         0
121
     9
158/48/128|
         0
126
     7
269/62/58|
         0
124
     7
97/158/47|
         0
126
     8
182/96/67|
         0
126
     6
260/91/33|
         0
124
     8
209/103/47|
         0
122
     8
90/58/150|
         0
125
     9
179/110/55|
         0
126
     6
223/114/28|
         0
126
     8
250/53/76|
         0
121
     12
136/152/34|
         0
118
     11
175/82/85|
         0
123
     9
183/120/43|
         0
121
     9
287/80/31|
         0
122
     9
236/81/55|
         0
122
     9
204/58/94|
         0
122
     8
130/135/54|
         0
126
     9
113/147/50|
         0
122
     10
175/128/38|
         0
126
     10
165/109/62|
         0
125
     7
174/117/50|
         0
122
     9
172/105/63|
         0
125
     9
227/76/65|
         0
125
     7
111/169/29|
         8
127
     5
181/85/78|
         0
124
     8
193/109/49|
         0
122
     9
234/107/30|
         0
122
     8
248/77/53|
         0
124
     10
289/65/45|
         0
125
     8
186/110/51|
         0
123
     8
167/84/87|
         0
126
     9
142/84/99|
         0
123
     9
137/77/109|
         0
121
     7
147/141/39|
         0
120
     10
265/66/55|
         0
123
     8
142/66/117|
         0
121
     12
157/79/96|
         0
126
     9
242/85/48|
         0
130
     8
260/50/74|
         0
125
     10
299/61/44|
         0
126
     7
301/52/51|
         0
126
     10
225/87/54|
         0
127
     7
154/156/20|
         0
122
     10
115/130/66|
         0
122
     11
210/69/80|
         0
122
     9
271/77/42|
         0
124
     11
124/167/25|
         0
121
     10
232/88/50|
         0
122
     8
143/130/52|
         0
122
     7
212/79/69|
         0
118
     8
249/60/69|
         0
126
     6
259/90/35|
         0
125
     6
258/70/55|
         0
123
     8
202/79/74|
         0
117
     8
251/74/54|
         0
126
     5
245/96/36|
         0
122
     8
206/75/76|
         0
126
     6
204/54/98|
         0
125
     5
175/59/107|
         0
126
     6
189/64/95|
         0
128
     6
229/64/76|
         0
126
     6
214/57/91|
         0
128
     5
175/73/94|
         0
125
     6
156/114/62|
         0
126
     10
167/70/101|
         0
119
     13
168/64/107|
         0
126
     6
140/79/105|
         0
122
     8
137/81/104|
         0
125
     7
196/64/92|
         0
127
     9
268/66/55|
         0
120
     9
165/122/50|
         0
124
     8
198/72/83|
         0
124
     8
159/61/113|
         0
120
     9
184/65/97|
         0
124
     10
169/59/111|
         0
119
     9
174/57/111|
         0
127
     9
192/57/101|
         0
118
     7
157/68/107|
         0
124
     9
182/82/81|
         0
124
     8
157/68/107|
         0
125
     7
117/74/121|
         0
122
     9
142/63/120|
         0
122
     8
157/72/104|
         0
124
     9
243/64/68|
         0
126
     8
211/72/76|
         0
126
     8
284/45/67|
         0
126
     7
227/79/62|
         0
121
     11
240/61/73|
         0
121
     11
191/75/83|
         0
127
     8
175/69/97|
         0
121
     9
223/102/41|
         0
126
     8
229/64/76|
         0
121
     10
211/105/44|
         0
123
     12
213/75/72|
         0
120
     9
249/71/59|
         0
126
     5
172/112/56|
         0
126
     6
138/71/114|
         0
126
     10
247/89/42|
         0
122
     5
215/83/64|
         0
121
     8
329/61/29|
         0
129
     9
255/54/72|
         0
123
     10
141/137/47|
         0
122
     12
221/73/71|
         0
121
     11
151/112/66|
         0
121
     10
155/90/87|
         0
123
     9
187/69/92|
         0
122
     9
229/78/61|
         0
122
     9
190/93/66|
         0
122
     10
176/75/91|
         0
122
     10
182/111/52|
         0
126
     7
201/110/44|
         0
121
     8
187/86/75|
         0
122
     9
199/64/90|
         0
121
     9
208/57/93|
         0
121
     9
215/62/85|
         0
125
     11
195/58/99|
         0
119
     9
179/57/107|
         0
126
     9
205/80/72|
         0
119
     11
191/62/96|
         0
125
     7
231/105/33|
         0
124
     8
179/122/43|
         0
123
     11
205/125/27|
         0
120
     9
202/105/48|
         0
123
     9
249/76/54|
         0
124
     9
144/155/27|
         0
124
     8
142/155/28|
         0
126
     8
194/102/55|
         0
126
     9
220/105/39|
         0
123
     8
167/134/37|
         0
122
     10
210/78/70|
         0
122
     5
159/76/99|
         0
126
     7
171/113/56|
         0
123
     8
200/98/56|
         0
123
     10
223/101/42|
         0
121
     9
159/149/25|
         0
122
     9
227/113/27|
         0
121
     8
292/70/38|
         0
126
     6
224/107/35|
         0
122
     9
257/82/44|
         0
121
     9
195/98/58|
         0
125
     8
231/96/43|
         0
125
     10
206/86/64|
         0
123
     8
180/69/96|
         0
122
     8
232/97/41|
         0
127
     9
248/70/60|
         0
121
     11
249/73/57|
         0
127
     10
231/86/53|
         0
120
     10
202/89/64|
         0
125
     9
168/93/78|
         0
125
     7
92/88/120|
         0
119
     9
191/70/89|
         0
127
     7
204/85/67|
         0
126
     9
209/63/87|
         0
127
     10
233/62/76|
         0
125
     9
200/64/90|
         0
118
     7
131/134/54|
         0
128
     9
297/53/53|
         0
124
     12
187/104/57|
         0
123
     7
176/73/93|
         0
126
     11
144/78/103|
         0
120
     9
169/84/86|
         1
124
     8
163/76/97|
         0
121
     6
207/81/70|
         0
125
     9
228/81/59|
         0
124
     8
130/160/29|
         0
122
     5
207/106/45|
         0
119
     10
154/146/31|
         0
125
     10
182/92/72|
         0
121
     10
150/145/34|
         0
125
     10
212/97/51|
         0
121
     10
124/117/75|
         0
125
     6
158/103/72|
         0
122
     10
110/153/46|
         0
121
     11
169/110/60|
         0
124
     11
181/123/40|
         0
121
     11
202/112/41|
         0
126
     8
223/70/72|
         0
122
     10
157/133/42|
         0
126
     12
157/109/66|
         0
119
     9
111/92/106|
         0
123
     8
191/54/105|
         0
126
     6
266/66/55|
         0
122
     9
277/68/47|
         0
123
     8
193/82/76|
         0
126
     7
238/89/46|
         0
127
     7
175/101/66|
         0
125
     7
277/68/48|
         0
128
     9
211/74/75|
         0
120
     10
178/86/79|
         0
124
     11
218/81/64|
         0
120
     10
167/68/103|
         0
125
     7
192/71/87|
         0
126
     8
154/67/110|
         0
125
     9
299/59/46|
         0
125
     7
285/63/49|
         0
125
     8
149/138/41|
         0
125
     8
226/90/52|
         0
123
     10
197/77/79|
         0
128
     6
229/89/50|
         0
125
     8
190/119/40|
         0
126
     8
189/113/47|
         0
120
     6
217/95/50|
         0
123
     7
156/105/71|
         0
126
     10
185/78/84|
         0
125
     9
135/140/46|
         0
124
     6
196/94/63|
         0
127
     9
201/103/51|
         0
123
     11
186/99/62|
         0
126
     6
176/106/60|
         0
123
     9
118/106/89|
         0
121
     9
190/81/78|
         0
126
     9
179/112/52|
         0
124
     8
232/58/80|
         0
122
     11
158/123/52|
         0
122
     11
98/88/117|
         0
125
     7
190/89/70|
         0
125
     9
171/131/37|
         0
121
     11
191/99/60|
         0
123
     11
131/83/105|
         0
120
     9
224/107/35|
         0
128
     9
161/118/55|
         0
126
     7
169/122/48|
         0
124
     9
209/114/35|
         0
122
     10
223/81/61|
         0
126
     10
207/59/91|
         0
124
     11
197/94/61|
         0
120
     9
143/80/103|
         0
129
     9
143/69/113|
         0
125
     10
140/73/111|
         0
121
     9
147/80/100|
         0
126
     8
94/61/146|
         0
126
     9
135/93/94|
         0
126
     7
165/90/82|
         0
123
     8
180/76/89|
         0
125
     7
186/72/89|
         0
123
     9
133/75/113|
         0
122
     12
149/103/77|
         0
124
     6
170/80/89|
         0
126
     9
127/122/68|
         0
121
     9
220/70/74|
         0
126
     8
156/145/31|
         0
122
     9
104/71/131|
         0
124
     9
181/129/35|
         0
126
     8
241/85/48|
         0
124
     8
201/95/59|
         0
128
     6
229/101/38|
         0
126
     7
246/73/58|
         0
126
     8
162/131/42|
         0
121
     8
137/121/64|
         0
128
     9
184/120/42|
         0
126
     10
135/144/43|
         0
122
     8
183/109/54|
         0
121
     9
185/118/43|
         0
128
     6
209/94/55|
         0
120
     10
258/73/53|
         0
122
     10
225/53/89|
         0
124
     8
160/68/106|
         0
124
     12
158/68/107|
         0
124
     7
70/151/68|
         0
123
     11
180/63/101|
         0
120
     8
267/80/41|
         0
125
     8
313/55/43|
         0
120
     8
256/53/73|
         0
126
     6
258/65/60|
         0
122
     8
142/112/72|
         0
125
     8
327/60/31|
         0
121
     9
202/44/109|
         0
123
     9
160/81/93|
         0
122
     9
171/74/95|
         0
130
     8
171/74/95|
         0
121
     9
164/70/102|
         0
129
     7
164/68/104|
         0
127
     7
170/70/99|
         0
123
     9
163/73/100|
         0
124
     9
159/63/111|
         0
126
     8
166/69/102|
         0
124
     9
135/77/109|
         0
122
     9
135/93/93|
         0
123
     8
140/92/92|
         0
120
     9
147/91/90|
         0
121
     7
166/78/93|
         0
123
     10
153/81/96|
         0
119
     9
168/77/93|
         0
126
     10
190/74/85|
         0
126
     7
181/75/89|
         0
121
     8
218/69/76|
         0
118
     10
165/69/102|
         0
126
     7
168/59/112|
         0
122
     10
177/65/101|
         0
122
     10
174/107/60|
         0
122
     10
206/109/42|
         0
120
     10
219/88/57|
         0
122
     9
125/102/90|
         0
126
     9
201/86/68|
         0
121
     9
214/85/62|
         0
129
     10
191/130/29|
         0
124
     7
244/74/58|
         0
126
     8
250/75/55|
         0
125
     12
289/68/42|
         0
124
     9
214/91/56|
         0
121
     10
161/90/84|
         0
127
     7
229/80/59|
         0
125
     9
172/122/46|
         0
123
     8
106/66/135|
         0
120
     9
150/79/100|
         0
126
     8
169/97/72|
         0
128
     7
202/91/62|
         0
120
     9
150/99/80|
         0
130
     6
201/72/81|
         0
125
     8
192/93/65|
         0
122
     10
177/80/86|
         0
125
     10
164/82/90|
         0
119
     5
170/69/100|
         0
125
     6
157/68/108|
         0
130
     10
113/68/130|
         0
119
     8
115/94/103|
         0
126
     7
123/88/104|
         0
127
     9
161/88/86|
         0
119
     7
178/72/93|
         0
127
     9
159/121/53|
         0
120
     10
152/123/55|
         0
126
     10
201/73/81|
         0
124
     10
247/59/72|
         0
124
     6
233/63/75|
         0
123
     10
204/84/68|
         0
122
     9
197/89/67|
         0
128
     6
156/138/38|
         0
124
     9
157/95/81|
         0
127
     9
140/139/45|
         0
121
     9
206/71/81|
         0
123
     11
167/72/99|
         0
120
     9
144/82/101|
         0
126
     8
145/88/93|
         0
122
     8
169/86/83|
         0
135
     10
201/89/65|
         0
122
     13
261/54/70|
         0
124
     9
191/81/78|
         0
123
     10
233/54/84|
         0
125
     7
246/70/61|
         0
122
     9
210/70/79|
         0
120
     8
192/69/89|
         0
129
     7
162/74/99|
         0
126
     7
195/94/63|
         0
125
     6
240/90/44|
         0
123
     8
218/94/51|
         0
122
     10
219/67/78|
         0
123
     7
237/79/56|
         0
127
     7
176/69/97|
         0
123
     9
125/154/37|
         0
121
     6
185/117/45|
         0
128
     9
217/106/40|
         0
122
     8
140/151/33|
         0
129
     8
169/87/83|
         0
121
     9
162/127/46|
         0
129
     9
244/70/62|
         0
120
     10
240/77/57|
         0
122
     9
262/72/51|
         0
121
     9
246/85/47|
         0
126
     10
198/71/84|
         0
123
     7
225/56/86|
         0
122
     5
236/68/69|
         0
122
     11
268/65/55|
         0
124
     6
204/76/76|
         0
123
     12
169/103/66|
         0
122
     8
270/86/33|
         0
127
     8
291/55/53|
         0
128
     10
191/124/34|
         0
124
     11
231/63/76|
         0
120
     11
206/63/88|
         0
122
     8
268/60/61|
         0
122
     9
137/108/77|
         0
127
     7
130/122/67|
         0
120
     9
142/130/53|
         0
122
     9
224/72/71|
         0
122
     11
161/73/100|
         0
121
     9
128/90/99|
         0
121
     9
134/66/121|
         0
127
     9
346/58/23|
         0
127
     9
316/48/48|
         0
122
     11
183/102/61|
         0
119
     8
199/93/62|
         0
122
     10
234/96/41|
         0
121
     10
143/80/103|
         0
122
     10
184/53/109|
         0
127
     6
87/52/158|
         0
127
     8
125/94/97|
         0
124
     6
116/89/107|
         0
122
     10
222/85/58|
         0
121
     9
188/85/75|
         0
123
     9
179/88/77|
         0
121
     8
134/103/84|
         0
128
     9
156/67/109|
         0
125
     7
178/69/96|
         0
121
     9
147/92/89|
         0
122
     9
155/82/94|
         0
126
     9
132/87/101|
         0
123
     9
238/66/69|
         0
121
     10
178/70/95|
         0
131
     9
189/59/100|
         0
120
     10
247/54/76|
         0
123
     9
212/65/83|
         0
126
     9
151/81/98|
         0
122
     8
129/76/114|
         0
126
     8
130/87/102|
         0
127
     7
166/64/107|
         0
122
     10
158/81/94|
         0
127
     6
163/82/91|
         0
122
     10
132/121/67|
         0
121
     12
210/92/57|
         0
124
     10
145/92/89|
         0
122
     9
152/73/105|
         0
121
     11
106/51/150|
         0
128
     9
173/58/110|
         0
125
     10
163/70/103|
         0
119
     5
185/60/101|
         0
119
     9
146/70/111|
         0
125
     7
152/82/95|
         0
122
     9
113/83/115|
         0
123
     10
144/81/101|
         0
120
     12
164/75/97|
         0
122
     9
189/94/66|
         0
123
     8
171/109/60|
         0
122
     10
204/72/80|
         0
121
     8
229/94/45|
         0
126
     6
163/80/93|
         0
123
     8
104/111/91|
         0
122
     11
141/97/87|
         0
125
     8
207/92/58|
         0
122
     10
183/81/82|
         0
132
     6
247/59/71|
         0
120
     10
228/64/76|
         0
122
     10
180/112/52|
         0
124
     8
167/104/66|
         0
123
     8
179/64/101|
         0
125
     10
259/56/68|
         0
119
     8
254/65/62|
         0
127
     7
172/125/43|
         0
125
     8
185/73/89|
         0
120
     12
138/86/99|
         0
124
     11
138/79/106|
         0
118
     9
178/64/101|
         0
130
     8
187/61/100|
         0
124
     9
232/61/77|
         0
124
     8
203/112/41|
         0
124
     8
221/80/64|
         0
121
     9
130/132/57|
         0
124
     10
194/97/60|
         0
125
     7
193/67/90|
         0
121
     11
181/68/96|
         0
122
     7
153/66/111|
         0
126
     9
193/76/82|
         0
123
     9
141/81/103|
         0
127
     7
156/87/90|
         0
129
     8
276/54/62|
         0
122
     9
299/65/40|
         0
122
     10
37/55/181|
         0
122
     11
83/42/170|
         0
121
     9
225/121/21|
         0
122
     10
319/65/29|
         0
122
     8
287/63/48|
         0
126
     9
290/76/33|
         0
121
     6
228/109/31|
         0
125
     7
197/68/88|
         0
123
     9
328/50/41|
         0
122
     10
102/62/141|
         0
121
     9
152/79/99|
         0
127
     12
175/66/101|
         0
124
     9
140/113/71|
         0
126
     6
165/83/89|
         0
126
     9
99/92/113|
         0
121
     10
124/102/90|
         0
126
     9
287/66/45|
         0
122
     9
255/77/50|
         0
121
     9
282/55/59|
         0
123
     12
297/64/42|
         0
120
     10
144/83/100|
         0
125
     10
131/130/59|
         0
124
     8
146/93/88|
         0
124
     8
132/98/90|
         0
124
     8
164/77/95|
         0
123
     11
146/80/101|
         0
125
     9
147/86/95|
         0
121
     11
218/56/89|
         2
130
     8
162/84/89|
         0
123
     7
227/80/61|
         0
123
     10
213/75/73|
         0
125
     7
174/61/106|
         0
123
     8
169/70/100|
         0
123
     10
201/65/88|
         0
126
     7
197/72/83|
         0
125
     9
160/74/100|
         0
120
     10
149/74/106|
         0
129
     8
142/86/97|
         0
119
     5
140/76/108|
         0
120
     8
114/97/99|
         0
127
     8
136/85/101|
         0
120
     9
131/72/117|
         0
122
     9
145/71/111|
         0
121
     9
155/75/102|
         0
123
     9
145/74/107|
         0
123
     8
140/61/122|
         0
123
     7
145/82/99|
         0
126
     8
161/79/94|
         0
126
     7
181/66/97|
         0
120
     9
155/118/59|
         0
124
     11
185/105/57|
         0
122
     9
165/89/83|
         0
119
     9
157/86/90|
         0
123
     9
157/74/101|
         0
127
     9
170/66/103|
         0
119
     10
254/77/50|
         0
122
     8
241/68/66|
         0
128
     9
188/110/50|
         0
123
     9
148/69/111|
         0
121
     10
178/62/103|
         0
121
     8
174/61/106|
         0
129
     7
132/89/99|
         0
126
     8
169/94/76|
         0
123
     9
214/69/78|
         0
126
     7
308/69/31|
         0
127
     6
196/80/76|
         0
125
     9
283/54/59|
         0
124
     7
274/59/58|
         0
123
     11
199/61/94|
         0
124
     10
174/63/104|
         0
118
     7
235/82/55|
         0
119
     10
131/158/30|
         0
123
     10
205/95/57|
         0
125
     9
191/74/84|
         0
125
     7
223/99/44|
         0
122
     9
193/110/48|
         0
121
     9
209/100/49|
         0
122
     8
170/128/41|
         0
126
     10
210/100/49|
         0
119
     9
228/79/61|
         0
121
     9
230/93/46|
         0
124
     10
224/96/46|
         0
121
     8
190/72/87|
         0
128
     9
177/113/52|
         0
119
     9
186/80/82|
         0
128
     9
109/84/116|
         0
120
     10
188/70/90|
         0
125
     10
183/89/74|
         0
121
     9
262/69/54|
         0
122
     8
209/80/70|
         0
127
     6
218/93/52|
         0
126
     5
196/89/67|
         0
122
     8
265/65/57|
         0
119
     9
251/64/65|
         0
122
     9
272/74/44|
         0
123
     10
269/74/46|
         0
120
     9
242/83/50|
         0
124
     9
154/145/31|
         0
125
     8
241/89/45|
         0
120
     10
248/62/68|
         0
123
     9
149/152/28|
         0
120
     9
189/97/62|
         0
122
     11
178/124/41|
         0
125
     9
201/112/41|
         0
122
     10
165/126/45|
         0
123
     10
194/95/62|
         0
122
     10
210/93/56|
         0
125
     8
176/131/35|
         0
124
     9
95/184/23|
         0
120
     10
280/60/54|
         0
122
     10
236/58/79|
         0
123
     10
176/96/71|
         0
122
     10
205/113/39|
         0
126
     8
270/53/66|
         0
122
     9
200/125/29|
         0
123
     10
249/106/23|
         0
126
     8
181/137/27|
         0
125
     10
240/107/28|
         0
124
     8
245/99/33|
         0
125
     8
291/81/28|
         0
126
     9
228/120/21|
         0
122
     10
232/90/48|
         0
126
     7
160/127/47|
         0
122
     5
263/82/41|
         0
120
     10
194/65/92|
         0
123
     10
210/62/87|
         0
120
     9
195/63/93|
         0
123
     9
164/70/102|
         0
125
     10
166/69/102|
         0
120
     8
172/82/86|
         0
122
     8
135/90/97|
         0
122
     8
199/83/72|
         0
120
     11
61/130/94|
         0
122
     9
243/63/69|
         0
121
     5
170/63/106|
         0
125
     9
209/64/85|
         0
121
     13
238/80/55|
         0
120
     9
244/81/51|
         0
126
     9
223/114/29|
         0
125
     7
267/84/37|
         0
124
     8
249/62/68|
         0
122
     6
